# Created by Octave 3.8.0, Thu Oct 16 15:50:55 2014 CEST <AlexLusitania@lisboa>
# name: ui
# type: matrix
# rows: 10
# columns: 36
 7.100667676788826 1.010888414554947 -0.4524206267808241 3.448328487533101 -0.6384615025642826 -0.4144965164258938 0.5504320404559579 0.404195814791346 0.3421456153861911 0.09100355466591263 0.1479172453518381 -0.4137397879415356 0.06968070740499946 0.5529040343596264 -0.06360233483164165 -0.2316750000399508 0.3498319746426548 0.1751295152497863 -0.1919922958713965 0.03215230366379794 0.04396670438564813 -0.1979756992631055 0.2587322948344197 0.06991265523938398 0.057216875530575 -0.1437436221796519 0.1451522255773504 0.03126658835408797 0.03219914161485618 -0.02163886546154311 0.1309600575200973 -0.04635788966563804 -0.04988074685634106 -0.09769278711663623 0.04443145295776491 0.1153846604592924
 -4.023502896802944 -4.452597621688144 0.6816684157046088 1.394606189424821 -0.409923794082546 -0.6183245087236042 0.2913851757760935 0.76154361283066 0.8359599767196093 0.03035981205891784 1.384314265177593 -0.003061495640056214 -0.745167883909525 0.03188680949128352 0.1440833025569863 0.2284888756129246 0.3281036909346531 -0.001218973078690691 -0.2266529395239011 0.01094584692608017 -0.05324073703719252 0.2065477093554117 -0.147029960080534 -0.04398440830690666 0.1906362806962982 0.3888990194087901 -0.1769901428155911 -0.2086994147984756 0.07049393889224888 -0.01053395516854194 0.0007501626292740006 -0.01093959003559504 -0.008212435511967642 0.03801624377848207 0.08586203871499036 0.008404731034098717
 1.419916895554265 -1.127993406487679 3.626004979625725 -1.633512661703599 -0.6971689839317858 -1.459028455437424 0.5236242860753398 -0.7273795879346543 -0.84050722876394 -1.002444955950374 -0.1255675375382601 0.0728826390699361 0.9439231504432513 0.3304203263093274 -0.2998494042860082 -0.2232415737906577 -0.4222920700728657 0.2046549436664512 0.1105833547647514 0.05919453412162526 -0.3029668947531469 0.2120059780659035 -0.07157899692739197 -0.2072967459363692 0.0753344584486733 -0.01331108925336358 -0.2982557983829746 -0.1469587325098879 -0.1704556474182503 -0.04141003870189257 -0.1064455089842795 -0.1671461952771783 -0.02250269995179575 -0.01439539217146188 0.001611228294425389 -0.0443679785176025
 2.251264270667024 -3.213839844546157 -2.304409562029562 -1.474098914699176 -0.2450223966119598 0.9126770893842442 -0.783892319702944 -1.851587770816332 -0.2688313221114191 0.02360563770931999 0.08657097666710993 0.3141711078868992 0.7208636750838819 -0.3756714727207586 -0.02774266845075457 0.4929377696747634 0.3317542266300469 0.3612917776324834 -0.2206433734906631 -0.1778900060560328 0.05908748136062082 -0.004199310554026927 -0.001702297508132293 0.04576341739487319 0.02477310604189599 0.0158327490116143 0.0359996597955206 -0.01686086185293501 0.09070367243730162 0.1551611494821271 0.06114254684065993 -0.03783532032374483 -0.08949669157663891 0.1069042337390173 -0.1164473043259101 0.09000466458685431
 -1.152871804750942 3.284108925835088 -0.1452811728237732 -1.438326302177435 0.8518704212254714 -1.581273117873605 -1.588071295276424 -0.05357078302583109 1.049040429702863 0.5494038819293415 0.8828483181860498 0.5254710105733842 -0.5183162401118908 -0.08264406214523727 -0.5019055428211184 -0.2167460248981949 0.0480950623860576 -0.02340731377526262 0.1015262648037282 -0.1100911230268784 0.06887819278363005 -0.3179860929589282 -0.33252659571856 0.2785390440262654 0.1503445607498335 -0.09759053469069418 -0.1182383703629449 0.2546384935553625 0.01693350218321396 0.06311208321723687 0.01318286108554556 0.08693058323665756 0.07212954474252067 0.153448159710956 -0.07079349496320934 -0.1473615783132855
 0.2263756156699031 0.01421331760152982 -0.9079276288415336 1.574185050895828 -0.4375009459359349 1.181818641536968 -1.029540191486279 0.07328781543659943 0.08108836263893136 -0.3995947754758376 -1.190524153959315 0.6580737045228542 -0.3193822020497197 -0.8438336641037931 -0.06249365785238052 -1.002439054607965 -0.2431355819127716 -0.195599980456879 0.4017866717477956 0.3041892459202523 -0.170066693923326 -0.1041023707109795 -0.3125557046809725 -0.0200106911055871 -0.004008692417591473 0.1669933503457107 -0.2062370060388834 -0.08552400222436631 0.1733843528774472 0.04122706477301556 -0.2154209528343317 0.08661242354512198 0.08071789268616003 -0.06218339175746822 0.1221600360665185 -0.2286526893213197
 -0.6562518555329736 2.042146284836003 3.366452190825799 -1.239654663403591 -2.180555855189594 2.505663592241794 0.3102867447511508 0.6644639455247802 -0.2766714184711724 0.6897370755414644 0.1527723177281087 -0.3371044247590657 -0.3237710089916369 -0.4025256069094444 -0.007989435794082084 0.2357466989186022 -0.006411009842386854 -0.2548828719361548 0.1577612340703126 -0.2435539197976321 0.3354548684779975 -0.2251147405624039 0.3655586801712027 -0.05260271409446354 -0.168643961222654 0.08750739973939815 0.3570471745773089 0.02010823249917216 -0.004772697019249602 0.1234324581334952 0.1061249765105299 0.1361453430485829 0.00954073437817181 -0.0494407451120265 0.01190077185014143 0.02857742603173647
 -3.040447535370446 1.98315720277202 -2.332298076423832 0.8981236343379597 0.1488030975111038 -1.086870240199948 1.630104291257987 -1.430902298988796 -0.9711181494435049 0.1207430242724549 -0.2778799287622826 -0.790131430265274 -0.4128605271448332 0.2591932481260696 0.5411847752159943 0.5059310135999522 -0.5590977232796347 0.1195995292933508 0.2118439083085984 -0.0004423652303710062 -0.1956762644099706 -0.1161643771738768 0.08896643568427617 0.01956319474325837 0.03559033193430695 -0.05701397816972177 0.1164830497395189 0.214428419758498 0.04644223677862274 0.07123669268407004 -0.05941363397222626 -0.02202533121427219 -0.0523192375078701 0.06472807451532439 -0.04986399950055977 0.09443435177468069
 0.6534300146595149 -1.710908663610505 0.2920414795302725 -1.146829669216326 2.584173495225913 0.1532105852099885 -0.1077906335087823 1.835907676076822 -0.2670368103708181 -0.09967169262126932 -1.198557003035328 0.2197584935344108 -0.6516936120113598 0.4623775279459269 0.4349532521470009 0.233994237994894 0.1471518620510641 -0.09393636209380589 -0.07283797323434331 0.07968826968714848 0.2859917783806482 0.05926086916538286 -0.0238566613843747 0.04452567986972229 -0.3375783255126583 -0.3764839071342784 0.08907030866410788 0.1625991813294002 -0.02096038634291021 -0.1789129889890266 -0.06321419250844015 0.06674505126070865 -0.06648194186947991 -0.05569065544351393 0.02232365103835789 0.04721955922523591
 -2.778580380882359 2.170825390732921 -1.823829998786936 -0.3828211509915395 1.023786464353635 0.406622930287499 0.2034619016578854 0.3240415761054043 0.3159305447132122 -0.003141562129954062 0.1381055001845028 -0.2463198169815496 1.236723941286835 0.06789285964699704 -0.1566382858839938 -0.02299694246440657 0.02599956846322089 -0.2916302645012837 -0.2713748515749071 0.04580721379201512 -0.07142843526489132 0.4877280346366153 0.1759928056100778 -0.1344094318301582 -0.0236646342486605 0.02891061292216547 0.05596889924657612 -0.224997904110867 -0.2339681140032935 -0.2016735999689276 0.1323336837131773 -0.0921290745746358 0.1265055814672514 -0.08369374014267213 -0.05118438013251261 0.03635685304032082


