# Created by Octave 3.8.0, Mon Oct 27 13:53:53 2014 CET <AlexLusitania@Lisboa>
# name: pwi
# type: matrix
# rows: 1
# columns: 10
 0.1 0.1 0.1 0.1 0.1 0.1 0.1 0.1 0.1 0.1


