# Created by Octave 3.8.0, Thu Oct 16 15:50:27 2014 CEST <AlexLusitania@lisboa>
# name: pwi
# type: matrix
# rows: 1
# columns: 10
 0.1 0.1 0.1 0.1 0.1 0.1 0.1 0.1 0.1 0.1


