# Created by Octave 3.8.0, Mon Oct 27 12:56:42 2014 CET <AlexLusitania@Lisboa>
# name: ui
# type: matrix
# rows: 10
# columns: 36
 7.100667676788826 1.010888414554942 0.452420626780826 3.448328487533099 -0.6384615025642877 0.4144965164258914 0.5504320404559604 0.4041958147913471 0.3421456153861902 -0.09100355466590829 -0.1479172453518467 -0.4137397879415352 0.06968070740499353 -0.5529040343596321 -0.06360233483163781 -0.2316750000399546 0.349831974642649 -0.1751295152497845 -0.1919922958713966 0.03215230366379501 0.04396670438565219 0.1979756992631034 0.2587322948344196 -0.0699126552393806 0.05721687553057738 -0.1437436221796496 0.1451522255773505 -0.03126658835408864 0.03219914161485328 -0.02163886546154281 0.1309600575200975 -0.04635788966563752 0.04988074685634537 -0.09769278711663279 0.04443145295776436 0.1153846604592901
 -4.023502896802944 -4.452597621688157 -0.6816684157046021 1.394606189424816 -0.4099237940825464 0.618324508723604 0.2913851757760964 0.7615436128306634 0.8359599767196111 -0.03035981205891432 -1.38431426517759 -0.003061495640026121 -0.7451678839095335 -0.03188680949128002 0.1440833025569851 0.2284888756129232 0.3281036909346545 0.00121897307869087 -0.2266529395239002 0.01094584692608602 -0.05324073703719757 -0.2065477093554093 -0.1470299600805332 0.04398440830690837 0.190636280696294 0.3888990194087877 -0.1769901428155952 0.2086994147984776 0.07049393889225039 -0.01053395516854234 0.0007501626292747293 -0.01093959003559535 0.008212435511965582 0.0380162437784819 0.08586203871499021 0.008404731034099997
 1.419916895554264 -1.127993406487683 -3.626004979625725 -1.633512661703599 -0.6971689839317804 1.459028455437428 0.5236242860753429 -0.7273795879346575 -0.8405072287639386 1.002444955950373 0.125567537538259 0.07288263906992756 0.9439231504432504 -0.3304203263093279 -0.2998494042860058 -0.2232415737906525 -0.4222920700728704 -0.2046549436664513 0.1105833547647507 0.05919453412163366 -0.3029668947531505 -0.2120059780658961 -0.0715789969273935 0.207296745936371 0.07533445844866488 -0.0133110892533646 -0.2982557983829758 0.1469587325098883 -0.1704556474182492 -0.04141003870189317 -0.1064455089842814 -0.1671461952771772 0.02250269995179515 -0.01439539217146175 0.001611228294424941 -0.04436797851760452
 2.251264270667024 -3.213839844546159 2.304409562029561 -1.47409891469918 -0.2450223966119575 -0.9126770893842407 -0.7838923197029484 -1.851587770816336 -0.2688313221114164 -0.02360563770932315 -0.08657097666710972 0.3141711078868927 0.7208636750838855 0.3756714727207558 -0.02774266845075941 0.4929377696747586 0.3317542266300555 -0.3612917776324815 -0.2206433734906642 -0.1778900060560323 0.05908748136061641 0.004199310554021116 -0.001702297508132637 -0.04576341739487326 0.02477310604189605 0.01583274901161392 0.03599965979551884 0.01686086185293495 0.09070367243729867 0.1551611494821287 0.06114254684066251 -0.03783532032374663 0.08949669157663416 0.1069042337390218 -0.1164473043259096 0.09000466458685391
 -1.152871804750941 3.284108925835096 0.1452811728237688 -1.438326302177431 0.8518704212254732 1.581273117873607 -1.58807129527642 -0.05357078302582696 1.049040429702869 -0.5494038819293411 -0.8828483181860368 0.5254710105734033 -0.5183162401118916 0.08264406214523416 -0.5019055428211195 -0.2167460248981957 0.04809506238605533 0.02340731377526013 0.1015262648037282 -0.1100911230268852 0.06887819278363533 0.3179860929589263 -0.3325265957185556 -0.2785390440262633 0.1503445607498432 -0.09759053469069377 -0.1182383703629466 -0.2546384935553619 0.01693350218321407 0.06311208321723659 0.01318286108554358 0.08693058323665723 -0.07212954474252808 0.1534481597109532 -0.07079349496320744 -0.147361578313286
 0.2263756156699032 0.01421331760152783 0.907927628841535 1.574185050895826 -0.4375009459359417 -1.181818641536968 -1.02954019148628 0.07328781543659729 0.08108836263893092 0.3995947754758317 1.190524153959331 0.6580737045228401 -0.3193822020497037 0.8438336641037896 -0.06249365785237967 -1.002439054607967 -0.2431355819127785 0.1955999804568773 0.4017866717477985 0.3041892459202524 -0.1700666939233166 0.1041023707109898 -0.312555704680971 0.02001069110558403 -0.004008692417592765 0.1669933503457064 -0.2062370060388836 0.085524002224368 0.1733843528774511 0.0412270647730159 -0.2154209528343315 0.08661242354512087 -0.08071789268615728 -0.06218339175747518 0.122160036066519 -0.228652689321317
 -0.6562518555329738 2.042146284836005 -3.366452190825798 -1.239654663403591 -2.180555855189596 -2.505663592241794 0.3102867447511528 0.6644639455247821 -0.2766714184711756 -0.6897370755414638 -0.152772317728115 -0.3371044247590635 -0.3237710089916382 0.4025256069094452 -0.007989435794085955 0.2357466989186008 -0.006411009842382522 0.2548828719361553 0.1577612340703115 -0.2435539197976416 0.3354548684779997 0.2251147405623921 0.3655586801712009 0.05260271409446128 -0.1686439612226555 0.08750739973940064 0.3570471745773106 -0.0201082324991727 -0.004772697019250666 0.1234324581334964 0.1061249765105309 0.1361453430485833 -0.009540734378167546 -0.04944074511202633 0.01190077185014098 0.02857742603173684
 -3.040447535370443 1.983157202772025 2.332298076423831 0.8981236343379594 0.1488030975111052 1.086870240199949 1.630104291257984 -1.430902298988799 -0.9711181494435064 -0.1207430242724565 0.2778799287622696 -0.7901314302652762 -0.4128605271448385 -0.259193248126059 0.5411847752159946 0.5059310135999647 -0.5590977232796315 -0.1195995292933515 0.2118439083085961 -0.0004423652303691699 -0.1956762644099689 0.1161643771738817 0.08896643568427802 -0.01956319474325662 0.03559033193430818 -0.05701397816971905 0.1164830497395184 -0.2144284197584982 0.04644223677862301 0.07123669268407255 -0.05941363397222597 -0.02202533121427364 0.05231923750786709 0.06472807451532843 -0.04986399950055871 0.09443435177468035
 0.6534300146595142 -1.710908663610504 -0.2920414795302732 -1.146829669216321 2.584173495225917 -0.1532105852099923 -0.1077906335087856 1.835907676076824 -0.2670368103708232 0.09967169262126872 1.198557003035337 0.2197584935343979 -0.6516936120113497 -0.4623775279459268 0.4349532521470071 0.2339942379948945 0.1471518620510621 0.09393636209380671 -0.07283797323434404 0.07968826968714378 0.2859917783806487 -0.05926086916538863 -0.02385666138437665 -0.04452567986973025 -0.3375783255126528 -0.3764839071342782 0.08907030866411371 -0.1625991813294033 -0.02096038634291026 -0.1789129889890256 -0.06321419250844161 0.06674505126070827 0.06648194186948275 -0.05569065544351015 0.02232365103835685 0.04721955922523672
 -2.778580380882358 2.17082539073293 1.823829998786933 -0.382821150991537 1.023786464353635 -0.4066229302875014 0.2034619016578834 0.324041576105405 0.3159305447132092 0.003141562129957136 -0.1381055001845165 -0.2463198169815594 1.236723941286831 -0.06789285964699857 -0.1566382858839966 -0.02299694246440814 0.02599956846322165 0.291630264501284 -0.2713748515749067 0.0458072137920243 -0.0714284352649022 -0.4877280346366112 0.1759928056100755 0.1344094318301597 -0.0236646342486641 0.02891061292216503 0.05596889924657743 0.2249979041108668 -0.2339681140032921 -0.2016735999689311 0.1323336837131761 -0.09212907457463256 -0.1265055814672477 -0.08369374014267757 -0.05118438013251414 0.03635685304032103


