# Created by Octave 3.8.0, Mon Oct 27 13:53:53 2014 CET <AlexLusitania@Lisboa>
# name: ui
# type: matrix
# rows: 10
# columns: 36
 7.100667676788826 1.010888414554947 -0.4524206267808231 3.448328487533099 -0.6384615025642785 0.4144965164258947 -0.5504320404559576 0.4041958147913413 0.3421456153861989 -0.09100355466591031 -0.1479172453518439 -0.4137397879415343 -0.06968070740501411 -0.5529040343596271 -0.06360233483163433 -0.231675000039955 0.3498319746426517 -0.1751295152497831 -0.1919922958713973 0.03215230366379578 0.0439667043856511 0.1979756992631024 0.258732294834421 -0.06991265523938239 0.05721687553057702 -0.1437436221796452 0.1451522255773563 -0.03126658835408857 0.03219914161485399 -0.02163886546154157 0.1309600575200989 -0.0463578896656358 0.04988074685634522 -0.09769278711663336 0.04443145295776208 0.1153846604592914
 -4.023502896802945 -4.45259762168815 0.6816684157046028 1.394606189424823 -0.4099237940825455 0.6183245087236033 -0.2913851757760985 0.7615436128306398 0.8359599767196291 -0.03035981205892026 -1.384314265177595 -0.003061495640044168 0.7451678839095252 -0.03188680949129703 0.1440833025569888 0.2284888756129206 0.3281036909346551 0.001218973078695296 -0.226652939523901 0.01094584692608534 -0.05324073703719606 -0.2065477093554094 -0.1470299600805326 0.04398440830690888 0.1906362806962944 0.3888990194087787 -0.1769901428156116 0.2086994147984819 0.07049393889225045 -0.01053395516854142 0.0007501626292725335 -0.01093959003559597 0.008212435511965753 0.03801624377848119 0.08586203871499007 0.008404731034097905
 1.419916895554265 -1.127993406487688 3.62600497962572 -1.633512661703596 -0.6971689839317859 1.459028455437428 -0.5236242860753363 -0.7273795879346353 -0.8405072287639571 1.002444955950375 0.1255675375382612 0.07288263906994404 -0.9439231504432584 -0.3304203263093072 -0.2998494042860055 -0.2232415737906522 -0.4222920700728688 -0.2046549436664519 0.1105833547647493 0.05919453412163017 -0.30296689475315 -0.2120059780658985 -0.07157899692739284 0.2072967459363695 0.07533445844866858 -0.0133110892533785 -0.2982557983829761 0.1469587325098865 -0.1704556474182483 -0.04141003870189281 -0.106445508984279 -0.1671461952771789 0.02250269995179752 -0.01439539217146242 0.001611228294426162 -0.04436797851760481
 2.251264270667024 -3.213839844546158 -2.304409562029562 -1.474098914699174 -0.2450223966119608 -0.9126770893842403 0.7838923197029452 -1.851587770816331 -0.2688313221114569 -0.02360563770932339 -0.08657097666710506 0.3141711078869016 -0.7208636750838713 0.3756714727207747 -0.02774266845076441 0.4929377696747578 0.331754226630055 -0.3612917776324791 -0.2206433734906682 -0.1778900060560309 0.05908748136061917 0.004199310554020634 -0.001702297508132605 -0.04576341739487271 0.02477310604189655 0.01583274901161523 0.03599965979551873 0.01686086185293501 0.09070367243729853 0.1551611494821286 0.06114254684066257 -0.0378353203237438 0.08949669157663291 0.1069042337390229 -0.1164473043259105 0.09000466458685265
 -1.152871804750942 3.284108925835092 -0.145281172823769 -1.438326302177436 0.8518704212254723 1.581273117873604 1.588071295276416 -0.05357078302585431 1.04904042970287 -0.5494038819293464 -0.8828483181860433 0.5254710105733882 0.5183162401118956 0.08264406214521783 -0.501905542821117 -0.2167460248981961 0.04809506238605378 0.02340731377525858 0.1015262648037294 -0.1100911230268842 0.06887819278363601 0.3179860929589264 -0.3325265957185568 -0.2785390440262646 0.1503445607498377 -0.09759053469069359 -0.1182383703629405 -0.2546384935553654 0.01693350218321335 0.06311208321723423 0.01318286108554502 0.08693058323665766 -0.07212954474252875 0.1534481597109539 -0.07079349496320711 -0.147361578313285
 0.2263756156699034 0.01421331760153032 -0.9079276288415336 1.574185050895827 -0.4375009459359357 -1.181818641536967 1.02954019148628 0.07328781543659448 0.08108836263893734 0.3995947754758373 1.190524153959325 0.6580737045228424 0.3193822020497409 0.8438336641037792 -0.06249365785238505 -1.002439054607965 -0.2431355819127821 0.1955999804568709 0.4017866717478005 0.304189245920249 -0.1700666939233209 0.1041023707109906 -0.3125557046809718 0.02001069110558603 -0.004008692417593357 0.166993350345699 -0.2062370060388909 0.08552400222436658 0.1733843528774481 0.04122706477301673 -0.2154209528343343 0.08661242354511853 -0.08071789268615677 -0.06218339175747636 0.1221600360665217 -0.2286526893213156
 -0.6562518555329724 2.042146284835995 3.366452190825794 -1.23965466340359 -2.1805558551896 -2.505663592241794 -0.3102867447511493 0.6644639455247862 -0.276671418471161 -0.6897370755414642 -0.1527723177281119 -0.3371044247590687 0.3237710089916448 0.4025256069094346 -0.007989435794086921 0.2357466989186005 -0.006411009842386192 0.2548828719361504 0.1577612340703166 -0.2435539197976394 0.335454868478 0.2251147405623936 0.3655586801712032 0.05260271409446387 -0.1686439612226538 0.08750739973941371 0.3570471745773088 -0.02010823249916814 -0.004772697019250154 0.1234324581334962 0.1061249765105287 0.1361453430485837 -0.009540734378169819 -0.04944074511202595 0.01190077185014139 0.0285774260317374
 -3.040447535370446 1.983157202772029 -2.332298076423828 0.8981236343379581 0.1488030975111085 1.086870240199949 -1.630104291257982 -1.430902298988772 -0.971118149443545 -0.1207430242724519 0.2778799287622728 -0.7901314302652812 0.4128605271448202 -0.2591932481260687 0.5411847752159958 0.5059310135999671 -0.5590977232796326 -0.1195995292933566 0.2118439083085914 -0.0004423652303716554 -0.1956762644099694 0.1161643771738793 0.08896643568427665 -0.01956319474325726 0.03559033193430902 -0.057013978169713 0.1164830497395228 -0.2144284197584995 0.04644223677862226 0.07123669268407032 -0.05941363397222513 -0.02202533121427297 0.05231923750786734 0.06472807451532854 -0.04986399950055783 0.09443435177467996
 0.6534300146595139 -1.710908663610506 0.2920414795302735 -1.146829669216324 2.584173495225912 -0.153210585209995 0.1077906335087832 1.835907676076835 -0.2670368103707771 0.09967169262127148 1.198557003035332 0.2197584935343989 0.6516936120113475 -0.4623775279459394 0.4349532521470073 0.2339942379948936 0.1471518620510658 0.0939363620938081 -0.07283797323434381 0.07968826968714721 0.2859917783806461 -0.05926086916538698 -0.0238566613843769 -0.04452567986972679 -0.3375783255126555 -0.3764839071342728 0.08907030866412799 -0.1625991813294057 -0.02096038634290967 -0.1789129889890251 -0.06321419250844081 0.06674505126070909 0.06648194186948281 -0.0556906554435104 0.02232365103835728 0.04721955922523768
 -2.778580380882359 2.17082539073293 -1.82382999878693 -0.382821150991541 1.023786464353635 -0.4066229302875029 -0.2034619016578868 0.3240415761053973 0.3159305447132184 0.003141562129956788 -0.1381055001845062 -0.2463198169815435 -1.236723941286834 -0.06789285964696726 -0.1566382858839969 -0.02299694246440665 0.02599956846322327 0.2916302645012919 -0.2713748515749024 0.045807213792024 -0.07142843526489998 -0.4877280346366099 0.1759928056100757 0.1344094318301579 -0.02366463424866236 0.02891061292216381 0.05596889924657348 0.2249979041108695 -0.2339681140032901 -0.2016735999689308 0.1323336837131761 -0.09212907457463397 -0.1265055814672465 -0.08369374014267761 -0.05118438013251685 0.03635685304031934


