# Created by Octave 3.8.0, Wed Oct 15 20:46:59 2014 CEST <AlexLusitania@lisboa>
# name: ui
# type: matrix
# rows: 10
# columns: 36
 -7.100667676788833 1.010888414554949 -0.4524206267808221 3.448328487533091 -0.6384615025643092 0.41449651642589 0.5504320404559583 0.4041958147913431 0.3421456153861968 -0.09100355466591245 0.1479172453518366 -0.4137397879415332 0.06968070740500612 -0.5529040343596323 -0.06360233483163479 -0.2316750000399549 0.3498319746426492 -0.1751295152497885 -0.1919922958713953 0.03215230366379669 0.04396670438565047 0.1979756992631037 0.2587322948344195 -0.06991265523938391 0.05721687553057324 -0.1437436221796487 -0.1451522255773523 -0.03126658835408932 0.032199141614855 -0.0216388654615438 0.1309600575200966 -0.0463578896656403 0.04988074685634063 0.09769278711663468 0.04443145295776433 0.1153846604592869
 4.023502896802946 -4.452597621688143 0.6816684157045982 1.394606189424821 -0.4099237940825627 0.6183245087236013 0.2913851757760932 0.7615436128306513 0.8359599767196204 -0.03035981205892639 1.384314265177595 -0.003061495640055652 -0.7451678839095215 -0.03188680949129245 0.1440833025569878 0.2284888756129211 0.3281036909346534 0.001218973078689805 -0.2266529395239029 0.01094584692608314 -0.05324073703719533 -0.2065477093554099 -0.1470299600805311 0.04398440830690385 0.1906362806962982 0.3888990194087857 0.1769901428155961 0.2086994147984813 0.07049393889224918 -0.01053395516854114 0.0007501626292744057 -0.01093959003559492 0.008212435511966255 -0.03801624377848126 0.08586203871499071 0.008404731034096575
 -1.419916895554265 -1.127993406487688 3.626004979625713 -1.6335126617036 -0.6971689839317812 1.459028455437425 0.5236242860753419 -0.727379587934644 -0.8405072287639426 1.002444955950378 -0.1255675375382614 0.07288263906994029 0.9439231504432528 -0.3304203263093174 -0.2998494042860053 -0.2232415737906482 -0.4222920700728727 -0.2046549436664497 0.1105833547647527 0.05919453412162995 -0.3029668947531524 -0.2120059780658974 -0.0715789969273926 0.2072967459363675 0.07533445844867241 -0.01331108925336664 0.2982557983829773 0.1469587325098865 -0.1704556474182493 -0.04141003870189629 -0.1064455089842841 -0.1671461952771748 0.02250269995179638 0.01439539217146197 0.001611228294424699 -0.04436797851760355
 -2.251264270667027 -3.213839844546155 -2.304409562029564 -1.474098914699173 -0.2450223966119441 -0.9126770893842381 -0.7838923197029452 -1.851587770816336 -0.2688313221114378 -0.02360563770931694 0.08657097666710992 0.3141711078868974 0.7208636750838784 0.375671472720767 -0.02774266845076172 0.4929377696747563 0.3317542266300575 -0.3612917776324848 -0.2206433734906634 -0.1778900060560313 0.05908748136061864 0.004199310554022622 -0.001702297508133398 -0.04576341739487344 0.02477310604189494 0.01583274901161426 -0.03599965979552058 0.01686086185293605 0.09070367243729556 0.1551611494821294 0.06114254684066361 -0.03783532032374754 0.0894966915766376 -0.1069042337390183 -0.1164473043259097 0.09000466458685508
 1.152871804750942 3.284108925835088 -0.1452811728237649 -1.438326302177428 0.8518704212254834 1.581273117873605 -1.588071295276423 -0.05357078302584111 1.049040429702865 -0.5494038819293435 0.8828483181860499 0.5254710105733814 -0.518316240111892 0.08264406214522307 -0.501905542821119 -0.2167460248981965 0.04809506238605276 0.02340731377526154 0.1015262648037283 -0.1100911230268825 0.06887819278363749 0.3179860929589267 -0.3325265957185589 -0.2785390440262644 0.1503445607498355 -0.0975905346906914 0.1182383703629417 -0.2546384935553648 0.01693350218321375 0.06311208321723784 0.01318286108554677 0.0869305832366566 -0.07212954474252199 -0.1534481597109555 -0.07079349496320973 -0.1473615783132847
 -0.2263756156699034 0.01421331760153309 -0.9079276288415337 1.574185050895822 -0.4375009459359457 -1.181818641536967 -1.029540191486278 0.07328781543659701 0.08108836263893004 0.3995947754758405 -1.190524153959313 0.6580737045228513 -0.3193822020497327 0.8438336641037876 -0.0624936578523862 -1.002439054607967 -0.2431355819127808 0.1955999804568817 0.4017866717477981 0.3041892459202532 -0.1700666939233201 0.1041023707109875 -0.3125557046809711 0.02001069110558687 -0.004008692417590947 0.1669933503457055 0.2062370060388858 0.08552400222436886 0.1733843528774488 0.04122706477302397 -0.2154209528343292 0.0866124235451245 -0.08071789268615899 0.06218339175747225 0.1221600360665173 -0.2286526893213125
 0.6562518555329737 2.042146284835995 3.366452190825788 -1.239654663403614 -2.180555855189585 -2.505663592241796 0.3102867447511501 0.6644639455247823 -0.2766714184711722 -0.6897370755414666 0.1527723177281091 -0.3371044247590691 -0.323771008991639 0.4025256069094383 -0.007989435794087044 0.2357466989185997 -0.006411009842382668 0.2548828719361531 0.1577612340703141 -0.2435539197976378 0.3354548684780005 0.2251147405623952 0.3655586801712013 0.05260271409446624 -0.1686439612226581 0.08750739973940208 -0.3570471745773086 -0.02010823249916969 -0.004772697019252733 0.1234324581334943 0.1061249765105349 0.1361453430485797 -0.009540734378171658 0.04944074511202512 0.01190077185014195 0.02857742603173523
 3.040447535370448 1.983157202772027 -2.332298076423824 0.8981236343379591 0.1488030975111034 1.086870240199949 1.630104291257985 -1.430902298988787 -0.971118149443516 -0.1207430242724531 -0.2778799287622811 -0.7901314302652752 -0.4128605271448251 -0.2591932481260628 0.5411847752159964 0.5059310135999669 -0.5590977232796299 -0.119599529293349 0.2118439083085953 -0.0004423652303709129 -0.1956762644099702 0.1161643771738812 0.08896643568427605 -0.01956319474325708 0.03559033193430512 -0.05701397816971811 -0.1164830497395205 -0.2144284197584988 0.04644223677862216 0.07123669268407355 -0.05941363397222476 -0.02202533121427185 0.05231923750786908 -0.06472807451532581 -0.04986399950055712 0.09443435177468348
 -0.6534300146595153 -1.710908663610508 0.2920414795302755 -1.146829669216298 2.584173495225919 -0.1532105852099864 -0.1077906335087831 1.83590767607683 -0.2670368103708013 0.09967169262126942 -1.198557003035329 0.2197584935344095 -0.6516936120113573 -0.4623775279459251 0.434953252147006 0.2339942379948936 0.1471518620510661 0.09393636209380649 -0.07283797323434509 0.07968826968714728 0.2859917783806477 -0.05926086916538852 -0.02385666138437776 -0.04452567986972109 -0.3375783255126543 -0.3764839071342774 -0.089070308664113 -0.1625991813294051 -0.02096038634290482 -0.1789129889890243 -0.06321419250844393 0.06674505126071135 0.06648194186948143 0.05569065544351252 0.02232365103835738 0.04721955922523861
 2.77858038088236 2.170825390732926 -1.823829998786926 -0.3828211509915307 1.023786464353646 -0.4066229302874989 0.2034619016578842 0.3240415761054024 0.3159305447132139 0.003141562129953862 0.1381055001845012 -0.2463198169815446 1.236723941286834 -0.06789285964698456 -0.1566382858839962 -0.02299694246440703 0.02599956846322224 0.291630264501284 -0.2713748515749063 0.04580721379201861 -0.07142843526490046 -0.4877280346366115 0.1759928056100795 0.1344094318301568 -0.02366463424865907 0.0289106129221624 -0.05596889924657541 0.2249979041108662 -0.2339681140032887 -0.2016735999689407 0.1323336837131701 -0.09212907457463558 -0.1265055814672496 0.08369374014267225 -0.0511843801325134 0.03635685304031507


